-809.36 , 75.23 , -689.73
-809.35 , 75.23 , -689.73
-809.32 , 75.23 , -689.73
-809.27 , 75.23 , -689.73
-809.18 , 75.23 , -689.73
-809.08 , 75.22 , -689.73
-808.95 , 75.22 , -689.73
-808.8 , 75.21 , -689.73
-808.64 , 75.21 , -689.73
-808.46 , 75.2 , -689.73
-808.26 , 75.19 , -689.73
-808.05 , 75.19 , -689.73
-807.83 , 75.18 , -689.73
-807.61 , 75.17 , -689.73
-807.38 , 75.16 , -689.73
-807.15 , 75.15 , -689.73
-806.91 , 75.14 , -689.73
-806.67 , 75.13 , -689.73
-806.4 , 75.12 , -689.73
-806.09 , 75.11 , -689.73
-805.74 , 75.1 , -689.73
-805.33 , 75.08 , -689.73
-804.85 , 75.06 , -689.73
-804.28 , 75.04 , -689.73
-803.61 , 75.02 , -689.73
-802.82 , 74.99 , -689.73
-801.92 , 74.95 , -689.73
-800.89 , 74.91 , -689.73
-799.76 , 74.87 , -689.73
-798.51 , 74.82 , -689.73
-797.17 , 74.77 , -689.73
-795.74 , 74.72 , -689.73
-794.18 , 74.66 , -689.73
-792.48 , 74.59 , -689.72
-790.6 , 74.52 , -689.72
-788.51 , 74.44 , -689.72
-786.2 , 74.35 , -689.72
-783.7 , 74.26 , -689.72
-781.08 , 74.15 , -689.72
-778.36 , 74.05 , -689.72
-775.62 , 73.94 , -689.72
-772.86 , 73.84 , -689.72
-770.06 , 73.73 , -689.71
-767.15 , 73.62 , -689.71
-764.06 , 73.5 , -689.71
-760.72 , 73.37 , -689.71
-757.1 , 73.23 , -689.71
-753.24 , 73.08 , -689.7
-749.18 , 72.93 , -689.7
-745.0 , 72.76 , -689.7
-740.76 , 72.6 , -689.7
-736.49 , 72.44 , -689.7
-732.19 , 72.27 , -689.7
-727.82 , 72.1 , -689.7
-723.37 , 71.93 , -689.7
-718.8 , 71.75 , -689.69
-714.1 , 71.57 , -689.67
-709.25 , 71.38 , -689.66
-704.26 , 71.19 , -689.65
-699.13 , 70.99 , -689.65
-693.86 , 70.78 , -689.67
-688.45 , 70.57 , -689.71
-682.91 , 70.35 , -689.75
-677.25 , 70.13 , -689.77
-671.45 , 69.91 , -689.75
-665.54 , 69.68 , -689.66
-659.52 , 69.46 , -689.49
-653.42 , 69.23 , -689.24
-647.29 , 68.99 , -688.91
-641.16 , 68.75 , -688.5
-635.07 , 68.48 , -688.04
-629.05 , 68.2 , -687.5
-623.06 , 67.91 , -686.92
-617.02 , 67.6 , -686.3
-610.88 , 67.28 , -685.66
-604.58 , 66.95 , -685.0
-598.06 , 66.61 , -684.34
-591.36 , 66.27 , -683.67
-584.52 , 65.93 , -682.99
-577.57 , 65.59 , -682.29
-570.57 , 65.24 , -681.57
-563.52 , 64.89 , -680.83
-556.39 , 64.53 , -680.06
-549.09 , 64.16 , -679.31
-541.56 , 63.78 , -678.57
-533.72 , 63.39 , -677.86
-525.53 , 62.98 , -677.2
-517.08 , 62.55 , -676.6
-508.49 , 62.12 , -676.07
-499.88 , 61.69 , -675.59
-491.38 , 61.27 , -675.19
-483.09 , 60.85 , -674.86
-475.0 , 60.45 , -674.59
-467.13 , 60.06 , -674.36
-459.45 , 59.67 , -674.16
-451.96 , 59.3 , -673.97
-444.64 , 58.94 , -673.76
-437.53 , 58.58 , -673.55
-430.63 , 58.24 , -673.34
-423.96 , 57.9 , -673.14
-417.54 , 57.58 , -672.94
-411.39 , 57.28 , -672.75
-405.53 , 56.99 , -672.58
-399.96 , 56.71 , -672.42
-394.71 , 56.45 , -672.26
-389.78 , 56.2 , -672.12
-385.19 , 55.97 , -671.99
-380.9 , 55.76 , -671.86
-376.9 , 55.56 , -671.72
-373.15 , 55.37 , -671.57
-369.63 , 55.2 , -671.38
-366.3 , 55.03 , -671.15
-363.15 , 54.87 , -670.9
-360.17 , 54.72 , -670.64
-357.34 , 54.58 , -670.37
-354.67 , 54.45 , -670.11
-352.12 , 54.32 , -669.88
-349.67 , 54.2 , -669.67
-347.29 , 54.08 , -669.46
-344.93 , 53.96 , -669.27
-342.57 , 53.84 , -669.07
-340.17 , 53.72 , -668.86
-337.76 , 53.6 , -668.66
-335.36 , 53.48 , -668.45
-332.99 , 53.36 , -668.24
-330.7 , 53.25 , -668.04
-328.48 , 53.14 , -667.85
-326.32 , 53.03 , -667.66
-324.15 , 52.92 , -667.47
-321.94 , 52.81 , -667.28
-319.64 , 52.7 , -667.08
-317.21 , 52.58 , -666.87
-314.64 , 52.45 , -666.65
-311.93 , 52.31 , -666.41
-309.09 , 52.17 , -666.17
-306.1 , 52.02 , -665.91
-302.98 , 51.87 , -665.64
-299.75 , 51.7 , -665.36
-296.42 , 51.54 , -665.07
-293.02 , 51.37 , -664.78
-289.58 , 51.2 , -664.48
-286.1 , 51.02 , -664.18
-282.52 , 50.84 , -663.87
-278.79 , 50.66 , -663.55
-274.82 , 50.46 , -663.2
-270.55 , 50.25 , -662.83
-265.95 , 50.02 , -662.43
-261.13 , 49.78 , -662.02
-256.24 , 49.53 , -661.59
-251.44 , 49.29 , -661.18
-246.87 , 49.07 , -660.78
-242.66 , 48.86 , -660.42
-238.78 , 48.66 , -660.08
-235.17 , 48.48 , -659.77
-231.77 , 48.31 , -659.48
-228.54 , 48.15 , -659.2
-225.41 , 48.0 , -658.93
-222.42 , 47.85 , -658.67
-219.59 , 47.71 , -658.42
-216.94 , 47.57 , -658.19
-214.5 , 47.45 , -657.98
-212.3 , 47.34 , -657.79
-210.29 , 47.24 , -657.62
-208.4 , 47.15 , -657.45
-206.59 , 47.06 , -657.3
-204.8 , 46.97 , -657.14
-202.98 , 46.88 , -656.98
-201.13 , 46.79 , -656.83
-199.27 , 46.69 , -656.66
-197.39 , 46.6 , -656.5
-195.52 , 46.51 , -656.34
-193.65 , 46.41 , -656.17
-191.8 , 46.32 , -656.01
-189.94 , 46.23 , -655.85
-188.09 , 46.14 , -655.69
-186.24 , 46.04 , -655.53
-184.38 , 45.95 , -655.38
-182.48 , 45.86 , -655.22
-180.53 , 45.76 , -655.05
-178.48 , 45.66 , -654.87
-176.32 , 45.55 , -654.67
-174.01 , 45.43 , -654.46
-171.55 , 45.31 , -654.22
-168.94 , 45.18 , -653.99
-166.19 , 45.05 , -653.76
-163.29 , 44.9 , -653.55
-160.26 , 44.75 , -653.36
-157.09 , 44.59 , -653.2
-153.82 , 44.43 , -653.05
-150.45 , 44.26 , -652.92
-147.01 , 44.09 , -652.81
-143.5 , 43.92 , -652.7
-139.91 , 43.74 , -652.6
-136.21 , 43.56 , -652.49
-132.37 , 43.37 , -652.38
-128.38 , 43.17 , -652.24
-124.21 , 42.96 , -652.09
-119.85 , 42.75 , -651.9
-115.32 , 42.52 , -651.69
-110.61 , 42.29 , -651.45
-105.71 , 42.05 , -651.16
-100.65 , 41.8 , -650.85
-95.46 , 41.54 , -650.5
-90.19 , 41.28 , -650.13
-84.91 , 41.02 , -649.76
-79.65 , 40.75 , -649.38
-74.45 , 40.5 , -649.02
-69.22 , 40.24 , -648.66
-63.86 , 39.97 , -648.3
-58.24 , 39.69 , -647.91
-52.28 , 39.4 , -647.51
-45.9 , 39.08 , -647.07
-39.25 , 38.75 , -646.62
-32.55 , 38.42 , -646.16
-26.0 , 38.1 , -645.71
-19.79 , 37.79 , -645.28
-14.07 , 37.51 , -644.89
-8.63 , 37.24 , -644.52
-3.24 , 36.97 , -644.15
2.39 , 36.69 , -643.77
8.5 , 36.39 , -643.35
15.27 , 36.06 , -642.88
22.6 , 35.7 , -642.38
30.26 , 35.32 , -641.86
38.08 , 34.93 , -641.32
45.83 , 34.55 , -640.79
53.39 , 34.18 , -640.27
60.77 , 33.81 , -639.77
68.09 , 33.45 , -639.27
75.41 , 33.09 , -638.77
82.84 , 32.73 , -638.26
90.44 , 32.35 , -637.74
98.19 , 31.97 , -637.21
106.07 , 31.59 , -636.67
114.04 , 31.2 , -636.12
122.06 , 30.8 , -635.57
130.1 , 30.41 , -635.02
138.15 , 30.01 , -634.47
146.19 , 29.62 , -633.92
154.22 , 29.23 , -633.37
162.22 , 28.84 , -632.83
170.2 , 28.45 , -632.28
178.24 , 28.05 , -631.73
186.43 , 27.65 , -631.17
194.88 , 27.24 , -630.59
203.68 , 26.82 , -629.99
212.89 , 26.37 , -629.36
222.34 , 25.91 , -628.71
231.86 , 25.45 , -628.06
241.25 , 24.99 , -627.42
250.31 , 24.56 , -626.8
258.92 , 24.14 , -626.21
267.29 , 23.74 , -625.64
275.67 , 23.34 , -625.07
284.33 , 22.93 , -624.48
293.55 , 22.48 , -623.85
303.5 , 22.01 , -623.17
313.96 , 21.51 , -622.45
324.65 , 21.0 , -621.72
335.25 , 20.51 , -621.0
345.47 , 20.05 , -620.3
355.11 , 19.64 , -619.64
364.29 , 19.26 , -619.02
373.26 , 18.89 , -618.4
382.25 , 18.52 , -617.79
391.5 , 18.13 , -617.15
401.17 , 17.7 , -616.49
411.18 , 17.24 , -615.82
421.39 , 16.76 , -615.16
431.64 , 16.28 , -614.54
441.79 , 15.8 , -613.98
451.72 , 15.33 , -613.51
461.45 , 14.87 , -613.11
471.01 , 14.43 , -612.76
480.45 , 13.99 , -612.45
489.81 , 13.55 , -612.15
499.13 , 13.12 , -611.85
508.4 , 12.68 , -611.55
517.63 , 12.25 , -611.25
526.82 , 11.82 , -610.96
535.94 , 11.39 , -610.66
545.0 , 10.97 , -610.37
553.86 , 10.55 , -610.09
562.42 , 10.15 , -609.83
570.54 , 9.77 , -609.58
578.1 , 9.42 , -609.34
585.0 , 9.09 , -609.13
591.31 , 8.8 , -608.94
597.13 , 8.52 , -608.77
602.57 , 8.27 , -608.61
607.73 , 8.03 , -608.47
612.69 , 7.8 , -608.34
617.47 , 7.57 , -608.21
622.07 , 7.36 , -608.09
626.48 , 7.15 , -607.97
630.7 , 6.95 , -607.84
634.73 , 6.77 , -607.7
638.57 , 6.59 , -607.54
642.22 , 6.42 , -607.38
645.65 , 6.26 , -607.19
648.88 , 6.11 , -606.98
651.91 , 5.96 , -606.76
654.78 , 5.83 , -606.52
657.57 , 5.7 , -606.28
660.32 , 5.57 , -606.04
663.09 , 5.44 , -605.82
665.94 , 5.31 , -605.63
668.84 , 5.17 , -605.46
671.76 , 5.04 , -605.31
674.65 , 4.9 , -605.16
677.48 , 4.77 , -605.02
680.23 , 4.64 , -604.88
682.95 , 4.51 , -604.74
685.72 , 4.39 , -604.59
688.59 , 4.25 , -604.44
691.64 , 4.11 , -604.28
694.91 , 3.96 , -604.1
698.38 , 3.8 , -603.92
702.03 , 3.63 , -603.73
705.8 , 3.46 , -603.53
709.66 , 3.28 , -603.33
713.59 , 3.09 , -603.12
717.58 , 2.91 , -602.91
721.66 , 2.72 , -602.69
725.83 , 2.52 , -602.47
730.11 , 2.33 , -602.25
734.51 , 2.14 , -602.02
739.03 , 1.94 , -601.78
743.67 , 1.73 , -601.53
748.42 , 1.51 , -601.28
753.28 , 1.27 , -601.03
758.24 , 1.02 , -600.76
763.27 , 0.77 , -600.5
768.34 , 0.53 , -600.23
773.4 , 0.32 , -599.97
778.43 , 0.17 , -599.7
783.38 , 0.09 , -599.44
788.21 , 0.05 , -599.18
792.85 , 0.06 , -598.94
797.24 , 0.08 , -598.71
801.34 , 0.11 , -598.49
805.09 , 0.12 , -598.3
808.53 , 0.12 , -598.12
811.67 , 0.12 , -597.95
814.55 , 0.11 , -597.78
817.21 , 0.1 , -597.61
819.67 , 0.1 , -597.44
821.96 , 0.09 , -597.24
824.09 , 0.09 , -597.01
826.08 , 0.09 , -596.72
827.95 , 0.09 , -596.37
829.7 , 0.09 , -595.94
831.37 , 0.09 , -595.44
832.95 , 0.09 , -594.88
834.46 , 0.09 , -594.29
835.93 , 0.09 , -593.68
837.35 , 0.08 , -593.05
838.74 , 0.08 , -592.41
840.12 , 0.08 , -591.76
841.49 , 0.08 , -591.08
842.85 , 0.08 , -590.39
844.22 , 0.08 , -589.66
845.6 , 0.08 , -588.87
846.98 , 0.08 , -587.99
848.37 , 0.08 , -587.0
849.76 , 0.08 , -585.85
851.15 , 0.08 , -584.53
852.53 , 0.08 , -583.05
853.88 , 0.08 , -581.45
855.21 , 0.08 , -579.74
856.49 , 0.08 , -577.95
857.72 , 0.08 , -576.1
858.89 , 0.08 , -574.16
859.98 , 0.08 , -572.11
860.98 , 0.08 , -569.91
861.89 , 0.08 , -567.53
862.7 , 0.08 , -564.94
863.41 , 0.08 , -562.17
864.05 , 0.08 , -559.22
864.62 , 0.08 , -556.13
865.15 , 0.08 , -552.92
865.65 , 0.08 , -549.6
866.11 , 0.08 , -546.17
866.51 , 0.08 , -542.62
866.83 , 0.08 , -538.93
867.06 , 0.08 , -535.11
867.18 , 0.08 , -531.14
867.2 , 0.08 , -527.02
867.13 , 0.08 , -522.76
866.96 , 0.08 , -518.36
866.7 , 0.08 , -513.83
866.36 , 0.08 , -509.18
865.92 , 0.08 , -504.42
865.37 , 0.08 , -499.58
864.71 , 0.08 , -494.68
863.92 , 0.08 , -489.75
863.0 , 0.08 , -484.8
861.99 , 0.08 , -479.85
860.97 , 0.08 , -474.9
860.0 , 0.08 , -469.94
859.14 , 0.08 , -464.98
858.43 , 0.08 , -460.01
857.87 , 0.08 , -454.96
857.4 , 0.08 , -449.76
857.01 , 0.08 , -444.32
856.65 , 0.08 , -438.56
856.3 , 0.08 , -432.44
855.88 , 0.08 , -426.04
855.34 , 0.08 , -419.51
854.61 , 0.08 , -412.96
853.64 , 0.08 , -406.51
852.36 , 0.08 , -400.29
850.84 , 0.08 , -394.33
849.14 , 0.08 , -388.66
847.32 , 0.08 , -383.31
845.44 , 0.08 , -378.29
843.56 , 0.08 , -373.64
841.71 , 0.08 , -369.35
839.91 , 0.08 , -365.42
838.17 , 0.08 , -361.83
836.51 , 0.08 , -358.58
834.94 , 0.08 , -355.65
833.47 , 0.08 , -353.01
832.08 , 0.08 , -350.59
830.77 , 0.08 , -348.36
829.54 , 0.08 , -346.25
828.37 , 0.08 , -344.23
827.26 , 0.08 , -342.28
826.21 , 0.08 , -340.43
825.22 , 0.08 , -338.66
824.28 , 0.08 , -336.99
823.39 , 0.08 , -335.41
822.54 , 0.08 , -333.89
821.72 , 0.08 , -332.41
820.92 , 0.08 , -330.92
820.14 , 0.08 , -329.4
819.36 , 0.08 , -327.82
818.59 , 0.08 , -326.19
817.84 , 0.08 , -324.53
817.1 , 0.08 , -322.86
816.38 , 0.08 , -321.21
815.68 , 0.08 , -319.57
814.99 , 0.08 , -317.92
814.28 , 0.08 , -316.2
813.56 , 0.08 , -314.37
812.79 , 0.08 , -312.37
811.97 , 0.08 , -310.18
811.11 , 0.08 , -307.78
810.21 , 0.08 , -305.21
809.3 , 0.08 , -302.48
808.37 , 0.08 , -299.61
807.45 , 0.08 , -296.62
806.54 , 0.08 , -293.52
805.64 , 0.08 , -290.33
804.77 , 0.08 , -287.08
803.92 , 0.08 , -283.78
803.1 , 0.08 , -280.44
802.3 , 0.08 , -277.04
801.5 , 0.08 , -273.54
800.7 , 0.08 , -269.91
799.87 , 0.08 , -266.1
799.01 , 0.08 , -262.1
798.12 , 0.08 , -257.92
797.23 , 0.08 , -253.6
796.34 , 0.08 , -249.17
795.47 , 0.08 , -244.65
794.63 , 0.08 , -240.07
793.83 , 0.08 , -235.41
793.05 , 0.08 , -230.68
792.29 , 0.08 , -225.84
791.56 , 0.08 , -220.88
790.85 , 0.08 , -215.78
790.15 , 0.08 , -210.57
789.46 , 0.08 , -205.24
788.77 , 0.08 , -199.82
788.06 , 0.08 , -194.31
787.35 , 0.08 , -188.73
786.61 , 0.08 , -183.07
785.86 , 0.08 , -177.31
785.08 , 0.08 , -171.44
784.27 , 0.08 , -165.45
783.45 , 0.08 , -159.34
782.61 , 0.08 , -153.13
781.78 , 0.08 , -146.89
780.97 , 0.08 , -140.66
780.21 , 0.08 , -134.49
779.5 , 0.08 , -128.41
778.85 , 0.08 , -122.34
778.23 , 0.08 , -116.22
777.65 , 0.08 , -109.96
777.08 , 0.08 , -103.46
776.52 , 0.08 , -96.68
775.96 , 0.08 , -89.65
775.41 , 0.08 , -82.47
774.86 , 0.08 , -75.18
774.3 , 0.08 , -67.89
773.75 , 0.08 , -60.63
773.2 , 0.08 , -53.4
772.64 , 0.08 , -46.19
772.08 , 0.08 , -38.95
771.51 , 0.08 , -31.68
770.94 , 0.08 , -24.34
770.37 , 0.08 , -16.91
769.79 , 0.08 , -9.35
769.19 , 0.08 , -1.63
768.58 , 0.08 , 6.29
767.96 , 0.08 , 14.41
767.32 , 0.08 , 22.65
766.69 , 0.08 , 30.87
766.06 , 0.08 , 38.97
765.46 , 0.08 , 46.82
764.88 , 0.08 , 54.33
764.34 , 0.08 , 61.49
763.82 , 0.08 , 68.3
763.32 , 0.08 , 74.76
762.83 , 0.08 , 80.89
762.36 , 0.08 , 86.7
761.92 , 0.08 , 92.19
761.51 , 0.08 , 97.39
761.14 , 0.08 , 102.3
760.82 , 0.08 , 106.95
760.56 , 0.08 , 111.35
760.36 , 0.08 , 115.48
760.23 , 0.08 , 119.35
760.16 , 0.08 , 122.96
760.16 , 0.08 , 126.28
760.24 , 0.08 , 129.33
760.36 , 0.08 , 132.14
760.52 , 0.08 , 134.74
760.69 , 0.08 , 137.17
760.85 , 0.08 , 139.48
760.99 , 0.08 , 141.69
761.11 , 0.08 , 143.82
761.21 , 0.08 , 145.88
761.29 , 0.08 , 147.87
761.37 , 0.08 , 149.81
761.43 , 0.08 , 151.72
761.49 , 0.08 , 153.59
761.54 , 0.08 , 155.45
761.58 , 0.08 , 157.3
761.6 , 0.08 , 159.17
761.6 , 0.08 , 161.06
761.6 , 0.08 , 162.98
761.58 , 0.08 , 164.93
761.55 , 0.08 , 166.92
761.52 , 0.08 , 168.94
761.49 , 0.08 , 171.0
761.45 , 0.08 , 173.13
761.42 , 0.08 , 175.34
761.38 , 0.08 , 177.67
761.34 , 0.08 , 180.13
761.3 , 0.08 , 182.76
761.25 , 0.08 , 185.53
761.2 , 0.08 , 188.43
761.15 , 0.08 , 191.45
761.1 , 0.08 , 194.57
761.05 , 0.08 , 197.78
761.0 , 0.08 , 201.08
760.94 , 0.08 , 204.48
760.89 , 0.08 , 207.99
760.83 , 0.08 , 211.6
760.77 , 0.08 , 215.33
760.71 , 0.08 , 219.11
760.64 , 0.08 , 222.9
760.58 , 0.08 , 226.63
760.52 , 0.08 , 230.25
760.47 , 0.08 , 233.72
760.41 , 0.08 , 237.0
760.36 , 0.08 , 240.08
760.32 , 0.08 , 242.96
760.27 , 0.08 , 245.62
760.24 , 0.08 , 248.06
760.2 , 0.08 , 250.29
760.17 , 0.08 , 252.37
760.13 , 0.08 , 254.31
760.1 , 0.08 , 256.16
760.07 , 0.08 , 257.94
760.05 , 0.08 , 259.66
760.02 , 0.08 , 261.33
759.99 , 0.08 , 262.95
759.97 , 0.08 , 264.51
759.94 , 0.08 , 266.02
759.92 , 0.08 , 267.51
759.89 , 0.08 , 268.97
759.87 , 0.08 , 270.44
759.85 , 0.08 , 271.92
759.82 , 0.08 , 273.43
759.8 , 0.08 , 275.0
759.77 , 0.08 , 276.63
759.74 , 0.08 , 278.35
759.71 , 0.08 , 280.18
759.68 , 0.08 , 282.11
759.65 , 0.08 , 284.14
759.61 , 0.08 , 286.23
759.58 , 0.08 , 288.35
759.54 , 0.08 , 290.47
759.51 , 0.08 , 292.58
759.48 , 0.08 , 294.72
759.44 , 0.08 , 296.93
759.4 , 0.08 , 299.28
759.36 , 0.08 , 301.81
759.32 , 0.08 , 304.56
759.27 , 0.08 , 307.52
759.22 , 0.08 , 310.65
759.16 , 0.08 , 313.91
759.11 , 0.08 , 317.27
759.05 , 0.08 , 320.72
759.0 , 0.08 , 324.27
758.94 , 0.08 , 327.99
758.87 , 0.08 , 331.9
758.8 , 0.08 , 336.05
758.73 , 0.08 , 340.45
758.66 , 0.08 , 345.0
758.59 , 0.08 , 349.55
758.51 , 0.08 , 353.97
758.45 , 0.08 , 358.11
758.39 , 0.08 , 361.87
758.33 , 0.08 , 365.29
758.28 , 0.08 , 368.44
758.23 , 0.08 , 371.4
758.18 , 0.08 , 374.24
758.14 , 0.08 , 377.02
758.09 , 0.08 , 379.73
758.04 , 0.08 , 382.34
757.99 , 0.08 , 384.83
757.93 , 0.08 , 387.17
757.86 , 0.08 , 389.34
757.79 , 0.08 , 391.39
757.71 , 0.08 , 393.34
757.63 , 0.08 , 395.26
757.56 , 0.08 , 397.17
757.48 , 0.08 , 399.11
757.41 , 0.08 , 401.07
757.34 , 0.08 , 403.03
757.27 , 0.08 , 404.95
757.2 , 0.08 , 406.82
757.13 , 0.08 , 408.62
757.07 , 0.08 , 410.39
757.0 , 0.08 , 412.19
756.93 , 0.08 , 414.07
756.86 , 0.08 , 416.09
756.78 , 0.08 , 418.29
756.69 , 0.08 , 420.63
756.6 , 0.08 , 423.09
756.5 , 0.08 , 425.61
756.41 , 0.08 , 428.15
756.32 , 0.08 , 430.69
756.22 , 0.08 , 433.27
756.12 , 0.08 , 435.95
756.02 , 0.08 , 438.78
755.9 , 0.08 , 441.83
755.78 , 0.08 , 445.14
755.65 , 0.08 , 448.67
755.51 , 0.08 , 452.39
755.37 , 0.08 , 456.23
755.23 , 0.08 , 460.16
755.08 , 0.08 , 464.14
754.93 , 0.08 , 468.19
754.78 , 0.08 , 472.33
754.62 , 0.08 , 476.59
754.46 , 0.08 , 481.01
754.29 , 0.08 , 485.58
754.11 , 0.08 , 490.26
753.94 , 0.08 , 494.97
753.77 , 0.08 , 499.62
753.6 , 0.08 , 504.14
753.44 , 0.08 , 508.45
753.29 , 0.08 , 512.55
753.15 , 0.08 , 516.42
753.01 , 0.08 , 520.06
752.89 , 0.08 , 523.45
752.77 , 0.08 , 526.59
752.66 , 0.08 , 529.49
752.56 , 0.08 , 532.17
752.47 , 0.08 , 534.63
752.39 , 0.08 , 536.89
752.31 , 0.08 , 538.96
752.24 , 0.08 , 540.89
752.17 , 0.08 , 542.7
752.11 , 0.08 , 544.45
752.04 , 0.08 , 546.18
751.98 , 0.08 , 547.92
751.92 , 0.08 , 549.66
751.85 , 0.08 , 551.38
751.79 , 0.08 , 553.05
751.73 , 0.08 , 554.65
751.68 , 0.08 , 556.16
751.62 , 0.08 , 557.64
751.57 , 0.08 , 559.11
751.51 , 0.08 , 560.63
751.45 , 0.08 , 562.24
751.39 , 0.08 , 563.97
751.32 , 0.08 , 565.81
751.25 , 0.08 , 567.73
751.17 , 0.08 , 569.71
751.1 , 0.08 , 571.71
751.03 , 0.08 , 573.72
750.95 , 0.08 , 575.77
750.87 , 0.08 , 577.9
750.79 , 0.08 , 580.14
750.7 , 0.08 , 582.53
750.6 , 0.08 , 585.1
750.49 , 0.08 , 587.84
750.38 , 0.08 , 590.74
750.27 , 0.08 , 593.78
750.17 , 0.08 , 596.93
750.06 , 0.08 , 600.21
749.93 , 0.08 , 603.6
749.76 , 0.08 , 607.15
749.52 , 0.08 , 610.86
749.18 , 0.08 , 614.75
748.72 , 0.08 , 618.84
748.14 , 0.08 , 623.07
747.44 , 0.08 , 627.37
746.61 , 0.08 , 631.67
745.65 , 0.08 , 635.92
744.57 , 0.08 , 640.05
743.36 , 0.09 , 644.12
742.01 , 0.1 , 648.16
740.53 , 0.11 , 652.23
738.91 , 0.13 , 656.38
737.14 , 0.17 , 660.66
735.19 , 0.21 , 665.04
733.02 , 0.25 , 669.51
730.6 , 0.29 , 674.03
727.88 , 0.32 , 678.58
724.84 , 0.34 , 683.12
721.52 , 0.39 , 687.59
717.99 , 0.48 , 691.93
714.29 , 0.66 , 696.07
710.49 , 0.95 , 699.93
706.61 , 1.37 , 703.47
702.58 , 1.92 , 706.65
698.31 , 2.58 , 709.45
693.69 , 3.33 , 711.87
688.63 , 4.14 , 713.88
683.07 , 5.01 , 715.47
677.14 , 5.92 , 716.69
671.0 , 6.84 , 717.59
664.82 , 7.77 , 718.23
658.77 , 8.68 , 718.66
652.97 , 9.57 , 718.93
647.36 , 10.44 , 719.09
641.83 , 11.31 , 719.18
636.27 , 12.19 , 719.23
630.56 , 13.1 , 719.28
624.64 , 14.04 , 719.37
618.52 , 15.02 , 719.48
612.3 , 16.01 , 719.62
606.02 , 17.01 , 719.77
599.75 , 18.01 , 719.91
593.56 , 19.0 , 720.05
587.43 , 19.99 , 720.17
581.36 , 20.96 , 720.29
575.32 , 21.93 , 720.42
569.3 , 22.9 , 720.55
563.28 , 23.86 , 720.7
557.21 , 24.83 , 720.85
551.06 , 25.81 , 721.0
544.76 , 26.81 , 721.12
538.29 , 27.85 , 721.22
531.61 , 28.91 , 721.26
524.8 , 30.0 , 721.27
517.94 , 31.07 , 721.23
511.15 , 32.12 , 721.14
504.51 , 33.12 , 721.01
498.09 , 34.05 , 720.84
491.79 , 34.92 , 720.62
485.49 , 35.75 , 720.35
479.07 , 36.54 , 720.04
472.41 , 37.32 , 719.67
465.41 , 38.09 , 719.25
458.14 , 38.85 , 718.77
450.72 , 39.62 , 718.24
443.23 , 40.4 , 717.65
435.79 , 41.18 , 717.0
428.48 , 41.97 , 716.28
421.29 , 42.78 , 715.5
414.2 , 43.6 , 714.68
407.18 , 44.42 , 713.82
400.2 , 45.25 , 712.93
393.23 , 46.08 , 712.03
386.24 , 46.92 , 711.12
379.2 , 47.78 , 710.26
372.08 , 48.66 , 709.46
364.83 , 49.56 , 708.76
357.45 , 50.5 , 708.17
349.97 , 51.45 , 707.68
342.47 , 52.42 , 707.26
335.0 , 53.39 , 706.88
327.64 , 54.36 , 706.52
320.4 , 55.32 , 706.15
313.22 , 56.29 , 705.77
305.96 , 57.27 , 705.38
298.51 , 58.29 , 704.97
290.76 , 59.36 , 704.56
282.63 , 60.48 , 704.13
274.23 , 61.65 , 703.73
265.75 , 62.83 , 703.36
257.33 , 64.0 , 703.08
249.15 , 65.14 , 702.9
241.32 , 66.24 , 702.84
233.77 , 67.29 , 702.89
226.38 , 68.32 , 703.01
219.02 , 69.34 , 703.18
211.58 , 70.36 , 703.36
203.95 , 71.4 , 703.52
196.17 , 72.46 , 703.67
188.29 , 73.52 , 703.81
180.37 , 74.58 , 703.95
172.45 , 75.63 , 704.09
164.61 , 76.65 , 704.23
156.93 , 77.64 , 704.37
149.52 , 78.58 , 704.52
142.46 , 79.47 , 704.65
135.88 , 80.29 , 704.78
129.83 , 81.04 , 704.9
124.3 , 81.71 , 705.0
119.24 , 82.32 , 705.1
114.61 , 82.87 , 705.19
110.36 , 83.37 , 705.27
106.45 , 83.83 , 705.34
102.81 , 84.26 , 705.41
99.38 , 84.65 , 705.48
96.09 , 85.03 , 705.54
92.88 , 85.4 , 705.6
89.7 , 85.76 , 705.66
86.56 , 86.11 , 705.72
83.49 , 86.46 , 705.78
80.5 , 86.79 , 705.84
77.62 , 87.11 , 705.9
74.86 , 87.41 , 705.95
72.23 , 87.7 , 706.0
69.69 , 87.98 , 706.05
67.22 , 88.24 , 706.1
64.81 , 88.5 , 706.14
62.44 , 88.76 , 706.19
60.08 , 89.01 , 706.24
57.71 , 89.26 , 706.28
55.29 , 89.52 , 706.33
52.81 , 89.78 , 706.38
50.22 , 90.05 , 706.43
47.52 , 90.33 , 706.48
44.65 , 90.63 , 706.53
41.61 , 90.94 , 706.59
38.36 , 91.27 , 706.66
34.88 , 91.63 , 706.72
31.25 , 91.99 , 706.79
27.54 , 92.36 , 706.87
23.84 , 92.73 , 706.94
20.23 , 93.09 , 707.01
16.75 , 93.43 , 707.08
13.33 , 93.76 , 707.14
9.88 , 94.1 , 707.21
6.28 , 94.44 , 707.28
2.43 , 94.81 , 707.36
-1.73 , 95.21 , 707.44
-6.15 , 95.62 , 707.52
-10.7 , 96.05 , 707.61
-15.29 , 96.46 , 707.7
-19.81 , 96.86 , 707.79
-24.18 , 97.23 , 707.89
-28.46 , 97.57 , 708.03
-32.75 , 97.89 , 708.24
-37.13 , 98.18 , 708.58
-41.69 , 98.44 , 709.08
-46.5 , 98.69 , 709.77
-51.51 , 98.91 , 710.63
-56.63 , 99.11 , 711.63
-61.79 , 99.29 , 712.74
-66.9 , 99.45 , 713.93
-71.9 , 99.59 , 715.18
-76.85 , 99.72 , 716.47
-81.82 , 99.85 , 717.81
-86.87 , 99.99 , 719.2
-92.08 , 100.16 , 720.63
-97.5 , 100.37 , 722.1
-103.13 , 100.62 , 723.61
-108.94 , 100.89 , 725.16
-114.9 , 101.19 , 726.75
-120.99 , 101.5 , 728.38
-127.18 , 101.83 , 730.04
-133.44 , 102.17 , 731.7
-139.76 , 102.51 , 733.31
-146.1 , 102.86 , 734.85
-152.42 , 103.2 , 736.25
-158.72 , 103.54 , 737.51
-165.0 , 103.87 , 738.6
-171.27 , 104.2 , 739.56
-177.53 , 104.52 , 740.38
-183.81 , 104.84 , 741.08
-190.11 , 105.16 , 741.66
-196.46 , 105.48 , 742.17
-202.86 , 105.79 , 742.63
-209.35 , 106.11 , 743.06
-215.94 , 106.43 , 743.52
-222.65 , 106.76 , 744.01
-229.53 , 107.08 , 744.53
-236.64 , 107.41 , 745.06
-244.02 , 107.74 , 745.59
-251.73 , 108.07 , 746.11
-259.77 , 108.41 , 746.59
-268.02 , 108.73 , 747.04
-276.29 , 109.05 , 747.43
-284.4 , 109.36 , 747.75
-292.17 , 109.65 , 748.0
-299.49 , 109.91 , 748.17
-306.5 , 110.17 , 748.25
-313.39 , 110.43 , 748.23
-320.38 , 110.69 , 748.12
-327.66 , 110.98 , 747.91
-335.39 , 111.29 , 747.61
-343.51 , 111.63 , 747.22
-351.88 , 111.99 , 746.77
-360.41 , 112.37 , 746.29
-368.96 , 112.75 , 745.78
-377.45 , 113.13 , 745.28
-385.87 , 113.52 , 744.77
-394.23 , 113.9 , 744.27
-402.55 , 114.29 , 743.77
-410.82 , 114.68 , 743.27
-419.07 , 115.07 , 742.77
-427.22 , 115.45 , 742.27
-435.21 , 115.83 , 741.79
-442.96 , 116.19 , 741.33
-450.4 , 116.53 , 740.88
-457.47 , 116.85 , 740.47
-464.18 , 117.15 , 740.06
-470.53 , 117.43 , 739.65
-476.56 , 117.7 , 739.2
-482.26 , 117.94 , 738.71
-487.66 , 118.17 , 738.15
-492.77 , 118.38 , 737.54
-497.6 , 118.57 , 736.88
-502.16 , 118.75 , 736.18
-506.46 , 118.92 , 735.45
-510.51 , 119.07 , 734.7
-514.33 , 119.22 , 733.94
-517.95 , 119.35 , 733.18
-521.38 , 119.47 , 732.44
-524.67 , 119.59 , 731.73
-527.82 , 119.7 , 731.06
-530.87 , 119.8 , 730.42
-533.85 , 119.9 , 729.8
-536.8 , 120.0 , 729.2
-539.76 , 120.1 , 728.62
-542.74 , 120.19 , 728.03
-545.77 , 120.28 , 727.43
-548.83 , 120.37 , 726.81
-551.94 , 120.46 , 726.15
-555.1 , 120.55 , 725.45
-558.31 , 120.64 , 724.7
-561.57 , 120.73 , 723.89
-564.88 , 120.82 , 723.03
-568.25 , 120.91 , 722.12
-571.66 , 120.99 , 721.17
-575.11 , 121.08 , 720.17
-578.58 , 121.16 , 719.09
-582.05 , 121.25 , 717.91
-585.48 , 121.33 , 716.57
-588.84 , 121.41 , 715.05
-592.11 , 121.5 , 713.32
-595.27 , 121.58 , 711.34
-598.29 , 121.66 , 709.1
-601.16 , 121.73 , 706.57
-603.85 , 121.8 , 703.74
-606.35 , 121.87 , 700.58
-608.67 , 121.92 , 697.13
-610.8 , 121.96 , 693.4
-612.77 , 121.98 , 689.43
-614.56 , 121.98 , 685.24
-616.21 , 121.96 , 680.86
-617.73 , 121.92 , 676.29
-619.16 , 121.87 , 671.52
-620.52 , 121.8 , 666.54
-621.86 , 121.72 , 661.36
-623.19 , 121.64 , 655.97
-624.5 , 121.55 , 650.43
-625.78 , 121.45 , 644.82
-627.0 , 121.36 , 639.19
-628.14 , 121.26 , 633.63
-629.19 , 121.16 , 628.17
-630.14 , 121.06 , 622.75
-631.0 , 120.95 , 617.28
-631.77 , 120.83 , 611.66
-632.43 , 120.71 , 605.82
-633.0 , 120.58 , 599.69
-633.48 , 120.45 , 593.3
-633.87 , 120.31 , 586.74
-634.16 , 120.16 , 580.06
-634.38 , 120.01 , 573.35
-634.52 , 119.86 , 566.65
-634.63 , 119.71 , 559.95
-634.75 , 119.56 , 553.21
-634.95 , 119.4 , 546.4
-635.28 , 119.23 , 539.49
-635.76 , 119.06 , 532.46
-636.38 , 118.89 , 525.31
-637.1 , 118.71 , 518.06
-637.89 , 118.53 , 510.73
-638.71 , 118.35 , 503.34
-639.52 , 118.16 , 495.9
-640.32 , 117.97 , 488.44
-641.09 , 117.78 , 480.99
-641.81 , 117.59 , 473.58
-642.48 , 117.4 , 466.23
-643.09 , 117.22 , 458.96
-643.64 , 117.03 , 451.69
-644.16 , 116.84 , 444.36
-644.66 , 116.64 , 436.88
-645.17 , 116.44 , 429.17
-645.69 , 116.22 , 421.16
-646.23 , 116.0 , 412.91
-646.78 , 115.78 , 404.46
-647.33 , 115.55 , 395.89
-647.9 , 115.31 , 387.24
-648.46 , 115.08 , 378.59
-649.02 , 114.84 , 369.94
-649.58 , 114.61 , 361.3
-650.14 , 114.37 , 352.69
-650.69 , 114.13 , 344.11
-651.25 , 113.9 , 335.59
-651.79 , 113.67 , 327.18
-652.33 , 113.44 , 318.93
-652.85 , 113.21 , 310.91
-653.35 , 113.0 , 303.19
-653.83 , 112.79 , 295.8
-654.28 , 112.59 , 288.74
-654.72 , 112.4 , 281.99
-655.14 , 112.22 , 275.53
-655.54 , 112.04 , 269.34
-655.93 , 111.87 , 263.41
-656.29 , 111.71 , 257.75
-656.64 , 111.56 , 252.38
-656.97 , 111.42 , 247.32
-657.27 , 111.28 , 242.6
-657.56 , 111.16 , 238.24
-657.82 , 111.04 , 234.2
-658.06 , 110.93 , 230.48
-658.28 , 110.84 , 227.04
-658.49 , 110.74 , 223.87
-658.68 , 110.66 , 220.93
-658.85 , 110.58 , 218.2
-659.02 , 110.51 , 215.64
-659.17 , 110.44 , 213.23
-659.32 , 110.37 , 210.92
-659.47 , 110.31 , 208.69
-659.61 , 110.24 , 206.52
-659.74 , 110.18 , 204.39
-659.88 , 110.12 , 202.3
-660.01 , 110.06 , 200.22
-660.15 , 110.0 , 198.14
-660.28 , 109.94 , 196.05
-660.42 , 109.88 , 193.96
-660.56 , 109.82 , 191.86
-660.69 , 109.76 , 189.74
-660.83 , 109.7 , 187.61
-660.97 , 109.63 , 185.45
-661.11 , 109.57 , 183.24
-661.26 , 109.5 , 180.97
-661.41 , 109.44 , 178.63
-661.57 , 109.37 , 176.21
-661.73 , 109.29 , 173.68
-661.9 , 109.21 , 171.03
-662.08 , 109.13 , 168.26
-662.27 , 109.05 , 165.35
-662.47 , 108.96 , 162.28
-662.68 , 108.87 , 159.07
-662.89 , 108.77 , 155.72
-663.12 , 108.67 , 152.23
-663.35 , 108.56 , 148.62
-663.59 , 108.45 , 144.88
-663.84 , 108.34 , 141.03
-664.1 , 108.22 , 137.09
-664.36 , 108.1 , 133.06
-664.63 , 107.98 , 128.97
-664.9 , 107.86 , 124.82
-665.18 , 107.74 , 120.55
-665.47 , 107.61 , 116.13
-665.77 , 107.47 , 111.5
-666.07 , 107.33 , 106.61
-666.39 , 107.17 , 101.42
-666.72 , 107.01 , 96.04
-667.09 , 106.85 , 90.57
-667.49 , 106.69 , 85.13
-667.94 , 106.53 , 79.83
-668.45 , 106.38 , 74.75
-669.01 , 106.24 , 69.81
-669.62 , 106.09 , 64.88
-670.28 , 105.94 , 59.84
-670.97 , 105.78 , 54.55
-671.71 , 105.61 , 48.93
-672.46 , 105.43 , 43.06
-673.23 , 105.25 , 37.03
-674.0 , 105.07 , 30.94
-674.75 , 104.89 , 24.92
-675.49 , 104.71 , 19.04
-676.21 , 104.54 , 13.35
-676.93 , 104.38 , 7.88
-677.64 , 104.22 , 2.64
-678.36 , 104.07 , -2.32
-679.08 , 103.93 , -6.99
-679.81 , 103.8 , -11.37
-680.55 , 103.67 , -15.44
-681.27 , 103.56 , -19.21
-681.98 , 103.45 , -22.67
-682.68 , 103.36 , -25.83
-683.37 , 103.27 , -28.77
-684.06 , 103.18 , -31.55
-684.75 , 103.1 , -34.27
-685.46 , 103.01 , -37.01
-686.2 , 102.92 , -39.82
-686.95 , 102.84 , -42.68
-687.72 , 102.75 , -45.54
-688.51 , 102.66 , -48.37
-689.3 , 102.57 , -51.1
-690.1 , 102.49 , -53.73
-690.91 , 102.41 , -56.27
-691.73 , 102.33 , -58.78
-692.58 , 102.25 , -61.32
-693.46 , 102.17 , -63.93
-694.36 , 102.09 , -66.65
-695.31 , 102.0 , -69.47
-696.31 , 101.91 , -72.36
-697.37 , 101.82 , -75.28
-698.51 , 101.72 , -78.22
-699.72 , 101.63 , -81.14
-701.03 , 101.53 , -84.07
-702.46 , 101.44 , -87.04
-704.02 , 101.34 , -90.06
-705.73 , 101.24 , -93.17
-707.61 , 101.13 , -96.39
-709.64 , 101.02 , -99.74
-711.79 , 100.91 , -103.22
-714.07 , 100.78 , -106.85
-716.44 , 100.65 , -110.65
-718.9 , 100.51 , -114.62
-721.42 , 100.37 , -118.73
-724.02 , 100.21 , -122.95
-726.68 , 100.06 , -127.24
-729.4 , 99.89 , -131.59
-732.18 , 99.72 , -135.95
-735.02 , 99.55 , -140.35
-737.96 , 99.37 , -144.78
-741.02 , 99.18 , -149.27
-744.21 , 98.98 , -153.83
-747.54 , 98.78 , -158.47
-751.0 , 98.57 , -163.16
-754.53 , 98.35 , -167.89
-758.09 , 98.13 , -172.61
-761.65 , 97.91 , -177.3
-765.18 , 97.68 , -181.95
-768.68 , 97.45 , -186.6
-772.2 , 97.22 , -191.29
-775.75 , 96.98 , -196.07
-779.36 , 96.74 , -201.0
-783.05 , 96.48 , -206.12
-786.81 , 96.21 , -211.42
-790.62 , 95.93 , -216.92
-794.48 , 95.64 , -222.6
-798.36 , 95.34 , -228.47
-802.24 , 95.03 , -234.52
-806.1 , 94.72 , -240.7
-809.9 , 94.4 , -246.96
-813.61 , 94.08 , -253.25
-817.19 , 93.76 , -259.52
-820.62 , 93.45 , -265.74
-823.86 , 93.15 , -271.86
-826.9 , 92.85 , -277.89
-829.71 , 92.56 , -283.78
-832.28 , 92.28 , -289.54
-834.59 , 92.02 , -295.12
-836.62 , 91.77 , -300.49
-838.37 , 91.54 , -305.6
-839.82 , 91.32 , -310.41
-840.98 , 91.13 , -314.85
-841.84 , 90.95 , -318.9
-842.47 , 90.79 , -322.61
-842.98 , 90.65 , -326.03
-843.43 , 90.51 , -329.22
-843.92 , 90.39 , -332.25
-844.51 , 90.26 , -335.15
-845.18 , 90.14 , -337.95
-845.87 , 90.02 , -340.62
-846.54 , 89.91 , -343.17
-847.14 , 89.8 , -345.59
-847.61 , 89.7 , -347.87
-847.99 , 89.6 , -350.05
-848.29 , 89.51 , -352.13
-848.54 , 89.42 , -354.13
-848.76 , 89.34 , -356.07
-848.97 , 89.25 , -357.99
-849.18 , 89.16 , -359.88
-849.39 , 89.08 , -361.77
-849.6 , 88.99 , -363.68
-849.81 , 88.9 , -365.62
-850.03 , 88.81 , -367.61
-850.25 , 88.72 , -369.68
-850.47 , 88.62 , -371.84
-850.68 , 88.52 , -374.1
-850.89 , 88.41 , -376.5
-851.09 , 88.29 , -379.04
-851.27 , 88.17 , -381.71
-851.43 , 88.04 , -384.48
-851.57 , 87.91 , -387.34
-851.66 , 87.77 , -390.26
-851.72 , 87.63 , -393.22
-851.72 , 87.49 , -396.26
-851.66 , 87.35 , -399.4
-851.54 , 87.2 , -402.66
-851.35 , 87.04 , -406.1
-851.07 , 86.87 , -409.71
-850.73 , 86.69 , -413.5
-850.33 , 86.51 , -417.45
-849.9 , 86.32 , -421.52
-849.43 , 86.13 , -425.71
-848.95 , 85.93 , -429.99
-848.45 , 85.73 , -434.36
-847.93 , 85.52 , -438.83
-847.37 , 85.31 , -443.41
-846.77 , 85.09 , -448.08
-846.12 , 84.87 , -452.87
-845.42 , 84.65 , -457.8
-844.67 , 84.42 , -462.92
-843.86 , 84.18 , -468.25
-843.0 , 83.93 , -473.84
-842.09 , 83.67 , -479.69
-841.14 , 83.4 , -485.73
-840.21 , 83.14 , -491.85
-839.3 , 82.87 , -497.93
-838.46 , 82.62 , -503.87
-837.71 , 82.38 , -509.6
-837.05 , 82.14 , -515.18
-836.47 , 81.92 , -520.71
-835.97 , 81.69 , -526.31
-835.55 , 81.46 , -532.06
-835.21 , 81.23 , -538.05
-834.96 , 80.99 , -544.29
-834.84 , 80.74 , -550.73
-834.88 , 80.48 , -557.36
-835.1 , 80.2 , -564.15
-835.51 , 79.92 , -571.06
-836.1 , 79.63 , -578.0
-836.83 , 79.33 , -584.86
-837.66 , 79.05 , -591.54
-838.56 , 78.77 , -597.94
-839.49 , 78.51 , -603.97
-840.43 , 78.28 , -609.64
-841.33 , 78.06 , -615.0
-842.16 , 77.85 , -620.08
-842.9 , 77.66 , -624.91
-843.52 , 77.48 , -629.54
-844.02 , 77.32 , -633.93
-844.41 , 77.17 , -638.07
-844.7 , 77.03 , -641.92
-844.92 , 76.91 , -645.46
-845.06 , 76.8 , -648.67
-845.14 , 76.7 , -651.6
-845.19 , 76.61 , -654.3
-845.23 , 76.54 , -656.81
-845.26 , 76.47 , -659.21
-845.3 , 76.43 , -661.53
-845.36 , 76.39 , -663.78
-845.42 , 76.36 , -665.99
-845.47 , 76.34 , -668.16
-845.5 , 76.33 , -670.3
-845.5 , 76.33 , -672.42
-845.46 , 76.33 , -674.48
-845.35 , 76.33 , -676.47
-845.15 , 76.33 , -678.34
-844.84 , 76.34 , -680.07
-844.4 , 76.34 , -681.63
-843.88 , 76.34 , -683.03
-843.29 , 76.35 , -684.27
-842.69 , 76.35 , -685.38
-842.1 , 76.35 , -686.35
-841.55 , 76.34 , -687.21
-841.04 , 76.34 , -687.97
-840.53 , 76.34 , -688.64
-840.02 , 76.33 , -689.24
-839.48 , 76.32 , -689.79
-838.88 , 76.3 , -690.29
-838.23 , 76.28 , -690.76
-837.53 , 76.26 , -691.19
-836.78 , 76.24 , -691.6
-835.97 , 76.21 , -691.98
-835.11 , 76.18 , -692.34
-834.2 , 76.15 , -692.68
-833.23 , 76.11 , -692.99
-832.21 , 76.08 , -693.28
-831.14 , 76.04 , -693.54
-830.0 , 76.0 , -693.77
-828.81 , 75.95 , -693.98
-827.55 , 75.91 , -694.16
-826.24 , 75.86 , -694.33
-824.88 , 75.81 , -694.48
-823.45 , 75.76 , -694.62
-821.91 , 75.7 , -694.76
-820.23 , 75.64 , -694.88
-818.36 , 75.57 , -695.0
-816.24 , 75.49 , -695.13
-813.87 , 75.4 , -695.25
-811.32 , 75.31 , -695.37
-808.72 , 75.21 , -695.49
-806.16 , 75.11 , -695.59
-803.77 , 75.02 , -695.67
-801.66 , 74.94 , -695.73
-799.93 , 74.88 , -695.76
-798.71 , 74.83 , -695.76
-798.09 , 74.81 , -695.72